50
0 -30.008646 -51.142909
1 -30.00894 -51.143344
2 -30.009126 -51.143702
3 -30.009509 -51.14423
4 -30.009731 -51.14462
5 -30.009801 -51.144786
6 -30.01014 -51.145538
7 -30.010327 -51.145873
8 -30.010342 -51.146085
9 -30.010351 -51.146219
10 -30.010406 -51.147017
11 -30.010435 -51.147535
12 -30.010474 -51.148441
13 -30.010468 -51.148985
14 -30.010445 -51.149981
15 -30.010436 -51.150339
16 -30.010422 -51.15113
17 -30.0104 -51.152152
18 -30.010375 -51.153236
19 -30.010353 -51.154125
20 -30.010332 -51.155168
21 -30.010336 -51.155463
22 -30.010355 -51.156208
23 -30.010366 -51.156473
24 -30.010393 -51.157113
25 -30.010408 -51.157491
26 -30.010449 -51.15798
27 -30.010588 -51.159252
28 -30.010594 -51.159308
29 -30.010668 -51.159916
30 -30.010733 -51.160467
31 -30.010891 -51.161724
32 -30.010939 -51.161988
33 -30.010977 -51.162197
34 -30.011216 -51.163538
35 -30.011302 -51.164051
36 -30.011445 -51.164873
37 -30.011484 -51.165099
38 -30.011647 -51.166108
39 -30.011778 -51.16696
40 -30.011748 -51.167079
41 -30.011756 -51.167397
42 -30.011774 -51.168002
43 -30.011765 -51.16829
44 -30.011734 -51.16888
45 -30.011663 -51.169703
46 -30.011764 -51.16977
47 -30.011801 -51.169821
48 -30.011811 -51.169835
49 -30.011904 -51.170156
89
28 45 1007.9352546310885
28 0 1593.8193645695856
45 0 2601.6545578621276
25 26 47.30479109676982
25 0 1417.6810867603028
26 0 1464.9454024841045
26 28 128.8821874166027
26 0 1464.9454024841045
28 0 1593.8193645695856
13 14 95.93642803961647
13 0 619.1339362366068
14 0 709.7257144148394
16 17 98.43625451041144
16 0 815.8485233780075
17 0 911.1133721822987
19 20 100.45510373257699
19 0 1096.5239293639963
20 0 1195.1946924772765
31 32 25.974073416063966
31 45 773.0523834256459
32 45 747.2011685904013
1 2 40.19992641024175
1 0 53.13321306005169
2 0 93.16199226823055
2 13 530.1257907748877
2 0 93.16199226823055
13 0 619.1339362366068
3 2 66.32082803669168
3 1 106.2128991394714
2 1 40.19992641024175
14 15 34.4854483151108
14 0 709.7257144148394
15 0 742.5940951481389
15 16 76.17932781931452
15 0 742.5940951481389
16 0 815.8485233780075
16 15 76.17932781931452
16 14 110.66389985303148
15 14 34.48544831511081
22 23 25.545507191768444
22 0 1294.5631771853566
23 0 1319.9851068455762
19 23 226.0878525463526
19 22 200.56715780249166
23 22 25.545507191768444
20 21 28.408324684605518
20 0 1195.1946924772765
21 0 1223.3244952799887
21 22 71.76535989629701
21 0 1223.3244952799887
22 0 1294.5631771853566
19 21 128.84666500215462
19 20 100.45510373257699
21 20 28.408324684605518
21 19 128.84666500215462
21 22 71.76535989629701
19 22 200.56715780249166
17 18 104.4127163515896
17 0 911.1133721822987
18 0 1012.7856208245003
18 19 85.63460047137585
18 0 1012.7856208245003
19 0 1096.5239293639963
45 48 20.793424089147415
45 49 51.19209567708061
48 49 32.59192917669251
48 44 92.35108143307343
48 49 32.59192917669251
44 49 124.30683221298307
31 30 122.30140400894267
31 32 25.974073416063966
30 32 148.2332139005941
28 30 112.6622046301959
28 45 1007.9352546310885
30 45 895.2968605257021
30 31 122.30140400894267
30 45 895.2968605257021
31 45 773.0523834256459
37 16 1350.2070595619753
37 14 1460.244197003059
16 14 110.66389985303148
37 44 365.11852641819985
37 45 443.7491887605071
44 45 79.6359067715901
13 37 1555.6759169256188
13 14 95.93642803961647
37 14 1460.244197003059
24 25 36.43488646137608
24 0 1381.4070610621436
25 0 1417.6810867603028
23 24 61.697127328566225
23 0 1319.9851068455762
24 0 1381.4070610621436
24 26 83.71319017784474
24 25 36.43488646137608
26 25 47.30479109676982
18 29 644.0245797801125
18 19 85.63460047137585
29 19 558.6995423657107
29 30 53.54432805148069
29 28 59.11812869788087
30 28 112.6622046301959
44 46 85.7596462051469
44 45 79.6359067715901
46 45 12.951681829775982
34 29 354.03488619324787
34 18 996.3485143055703
29 18 644.0245797801125
29 34 354.03488619324787
29 30 53.54432805148069
34 30 300.53512415945715
34 18 996.3485143055703
34 17 1100.0737373333163
18 17 104.4127163515896
10 11 49.98106606747155
10 2 349.4900313900279
11 2 396.7372902459264
2 12 480.29731496062493
2 13 530.1257907748877
12 13 52.38463184348939
11 12 87.34418310174705
11 2 396.7372902459264
12 2 480.29731496062504
16 36 1328.1527632533441
16 17 98.43625451041144
36 17 1230.3666457901559
37 36 22.188653875017007
37 16 1350.2070595619753
36 16 1328.1527632533441
36 37 22.188653875017007
36 45 465.6947127517805
37 45 443.7491887605071
41 43 85.98941570225597
41 44 142.81343567865585
43 44 56.91335807337874
42 43 27.748480141916172
42 41 58.28753340858494
43 41 85.98941570225597
44 43 56.91335807337874
44 49 124.30683221298307
43 49 180.3335268017611
43 42 27.748480141916172
43 49 180.3335268017611
42 49 207.90349010813085
27 24 207.09708642145375
27 23 268.719090885238
24 23 61.697127328566225
27 23 268.719090885238
27 19 494.35695257629567
23 19 226.0878525463526
26 27 123.44899287576106
26 28 128.8821874166027
27 28 5.4332097855764045
24 27 207.09708642145375
24 26 83.71319017784474
27 26 123.44899287576106
27 29 64.5506581118732
27 28 5.4332097855764045
29 28 59.11812869788087
29 27 64.5506581118732
29 19 558.6995423657107
27 19 494.35695257629567
48 47 1.747441698954662
48 44 92.35108143307343
47 44 90.91110025735932
47 46 6.406301253136601
47 44 90.91110025735932
46 44 85.7596462051469
47 48 1.747441698954662
47 45 19.093347708761232
48 45 20.793424089147415
46 47 6.406301253136601
46 45 12.951681829775982
47 45 19.093347708761232
30 33 168.7717714337939
30 32 148.2332139005941
33 32 20.56279958344548
34 33 131.82720623490147
34 30 300.53512415945715
33 30 168.7717714337939
32 33 20.56279958344548
32 45 747.2011685904013
33 45 726.7418500324112
33 34 131.82720623490147
33 45 726.7418500324112
34 45 595.6837407547395
39 12 1789.0215138710953
39 11 1876.3242452388672
12 11 87.34418310174705
12 39 1789.0215138710953
12 13 52.38463184348939
39 13 1736.8748668723279
10 39 1926.2996888931661
10 11 49.98106606747155
39 11 1876.3242452388672
42 39 100.33120864633138
42 49 207.90349010813085
39 49 308.0492767783835
39 42 100.33120864633138
39 41 42.148125709229966
42 41 58.28753340858494
35 34 50.3122281336382
35 17 1150.1019258387842
34 17 1100.0737373333163
36 35 80.729035289767
36 17 1230.3666457901559
35 17 1150.1019258387842
34 35 50.3122281336382
34 45 595.6837407547395
35 45 545.6896437840179
35 36 80.729035289767
35 45 545.6896437840179
36 45 465.6947127517805
6 9 69.64300121602454
6 10 145.4486196218114
9 10 77.08047180694926
38 41 124.7034046329569
38 44 267.08084089536135
41 44 142.81343567865585
37 38 98.82919481768886
37 44 365.11852641819985
38 44 267.08084089536135
38 37 98.82919481768889
38 13 1653.9245624342393
37 13 1555.6759169256188
39 38 83.31909940120916
39 13 1736.8748668723279
38 13 1653.9245624342393
6 5 81.63281218293855
6 7 38.37761880079564
5 7 119.89850426306808
5 4 17.77830304610445
5 7 119.89850426306808
4 7 137.6521663708679
5 6 81.63281218293855
5 10 225.10548665359366
6 10 145.4486196218114
5 10 225.10548665359366
5 2 128.56119211286216
10 2 349.4900313900279
5 2 128.56119211286216
5 3 62.612803936405655
2 3 66.32082803669167
4 5 17.77830304610445
4 3 44.93938270233482
5 3 62.612803936405655
9 8 12.941289400664326
9 10 77.08047180694926
8 10 90.02173855661738
8 39 2016.321425036426
8 10 90.02173855661738
39 10 1926.2996888931661
8 6 57.258847924240776
8 7 20.481000375464983
6 7 38.37761880079564
8 9 12.941289400664326
8 6 57.258847924240776
9 6 69.64300121602454
40 39 11.933776002524302
40 41 30.63193897121559
39 41 42.148125709229966
38 40 94.16608712940112
38 41 124.7034046329569
40 41 30.63193897121559
40 38 94.16608712940113
40 39 11.933776002524302
38 39 83.31909940120916
