10
0 -30.008646 -51.142909
1 -30.00894 -51.143344
2 -30.009126 -51.143702
3 -30.009509 -51.14423
4 -30.009731 -51.14462
5 -30.009801 -51.144786
6 -30.01014 -51.145538
7 -30.010327 -51.145873
8 -30.010342 -51.146085
9 -30.010351 -51.146219
22
0 2 93.16199226823055
0 9 370.84011298540076
1 2 40.19992641024175
1 0 53.13321306005169
2 5 128.56119211286216
2 9 278.0130930702961
3 1 106.2128991394714
3 2 66.32082803669168
3 4 44.93938270233482
3 5 62.612803936405655
5 2 128.56119211286216
5 4 17.77830304610445
5 6 81.63281218293855
5 7 119.89850426306808
5 9 150.92654043736871
6 5 81.63281218293855
6 7 38.37761880079564
6 8 57.258847924240776
6 9 69.64300121602454
7 4 137.6521663708679
8 7 20.481000375464983
8 9 12.941289400664326
